31 
173 
175 
229 
256 
464 
810 
1068 
1102 
1197 
1337 
1813 
1824 
1861 
1897 
1976 
2037 
2078 
2298 
2450 
2453 
2522 
2560 
2599 
2647 
2662 
2701 
2711 
2714 
2788 
2881 
3103 
3386 
3651 
3764 
3884 
3914 
4129 
4211 
4279 
4290 
4377 
4682 
4744 
4796 
4946 
4947 
5200 
5287 
5473 
5475 
5476 
5676 
5973 
6025 
6084 
6138 
6208 
6416 
6492 
6521 
6562 
6566 
6587 
6780 
6928 
7032 
7136 
7137 
7147 
7230 
7274 
7302 
7332 
7370 
7480 
7595 
7623 
7953 
8117 
8153 
8216 
8336 
8410 
8503 
8682 
8739 
8812 
8818 
8907 
8928 
9293 
9306 
9477 
9662 
9690 
9704 
9759 
9775 
9920 
